AMP1CPR1ERY1DOX1TMP1
AMP
CPR
ERY
DOX
TMP
AMP+CPR
AMP+ERY
AMP+DOX
AMP+TMP
CPR+ERY
CPR+DOX
CPR+TMP
ERY+DOX
ERY+TMP
DOX+TMP
AMP+CPR+ERY
AMP+CPR+DOX
AMP+CPR+TMP
AMP+ERY+DOX
AMP+ERY+TMP
AMP+DOX+TMP
CPR+ERY+DOX
CPR+ERY+TMP
CPR+DOX+TMP
ERY+DOX+TMP
AMP+CPR+ERY+DOX
AMP+CPR+ERY+TMP
AMP+CPR+DOX+TMP
AMP+ERY+DOX+TMP
CPR+ERY+DOX+TMP
AMP+CPR+ERY+DOX+TMP
86.21081004
91.65839126
90.29649596
98.24088523
91.88537381
81.44417648
81.21719393
88.253653
87.7996879
100.9646758
101.4186409
88.93460065
83.71400199
90.29649596
92.79330401
80.08228117
80.76322883
89.84253086
77.13150802
93.70123422
99.14881543
97.55993758
90.97744361
95.51709462
80.99021138
71.45694425
85.75684494
91.88537381
98.24088523
85.07589729
85.30287984
86.39503736
101.5085295
96.99703933
105.1177217
100.1550825
73.98843931
77.37205696
83.46256873
96.99703933
99.02720993
103.3131256
103.5387001
95.19244325
100.1550825
99.25278444
74.43958833
77.59763147
88.87635697
80.75567461
96.09474129
97.22261384
90.45537854
99.47835895
101.0573805
90.45537854
80.30452559
89.77865501
94.51571972
88.87635697
87.97405893
81.20682363
74.51039019
92.45029152
94.12468231
98.66945732
106.8022126
72.11840335
72.59680072
85.99192704
96.03827179
95.79907311
100.8222455
106.5630139
94.363881
102.0182389
107.28061
72.35760203
90.77590073
96.51666916
72.11840335
94.363881
95.79907311
94.363881
96.51666916
106.0846165
96.03827179
94.363881
97.95186126
103.453431
82.88234415
89.57990731
106.0846165
AMP1CPR1ERY1DOX1TMP2
AMP
CPR
ERY
DOX
TMP
AMP+CPR
AMP+ERY
AMP+DOX
AMP+TMP
CPR+ERY
CPR+DOX
CPR+TMP
ERY+DOX
ERY+TMP
DOX+TMP
AMP+CPR+ERY
AMP+CPR+DOX
AMP+CPR+TMP
AMP+ERY+DOX
AMP+ERY+TMP
AMP+DOX+TMP
CPR+ERY+DOX
CPR+ERY+TMP
CPR+DOX+TMP
ERY+DOX+TMP
AMP+CPR+ERY+DOX
AMP+CPR+ERY+TMP
AMP+CPR+DOX+TMP
AMP+ERY+DOX+TMP
CPR+ERY+DOX+TMP
AMP+CPR+ERY+DOX+TMP
86.21081004
91.65839126
90.29649596
98.24088523
95.97105972
81.44417648
81.21719393
88.253653
102.7805362
100.9646758
101.4186409
96.87898993
83.71400199
88.48063555
95.51709462
80.08228117
80.76322883
89.1615832
77.13150802
94.15519932
101.872606
97.55993758
94.83614697
92.11235636
95.06312952
71.45694425
85.52986239
89.1615832
96.87898993
96.65200738
92.11235636
86.39503736
101.5085295
96.99703933
105.1177217
102.1852531
73.98843931
77.37205696
83.46256873
98.3504864
99.02720993
103.3131256
108.5013393
95.19244325
100.6062315
102.8619766
74.43958833
77.59763147
90.00422952
80.75567461
94.96686874
98.80163542
90.45537854
101.9596786
100.6062315
99.02720993
80.30452559
90.22980403
89.32750599
90.45537854
97.89933737
84.81601579
74.51039019
92.45029152
94.12468231
98.66945732
110.1509942
72.11840335
72.59680072
85.99192704
101.7790402
95.79907311
100.8222455
110.6293915
94.363881
103.453431
106.3238152
72.35760203
90.77590073
95.32067574
72.11840335
93.88548363
100.1046494
94.363881
98.43025863
110.1509942
106.8022126
94.363881
96.27747047
94.363881
88.38391389
97.95186126
102.9750336
AMP1CPR1ERY1DOX1TMP3
AMP
CPR
ERY
DOX
TMP
AMP+CPR
AMP+ERY
AMP+DOX
AMP+TMP
CPR+ERY
CPR+DOX
CPR+TMP
ERY+DOX
ERY+TMP
DOX+TMP
AMP+CPR+ERY
AMP+CPR+DOX
AMP+CPR+TMP
AMP+ERY+DOX
AMP+ERY+TMP
AMP+DOX+TMP
CPR+ERY+DOX
CPR+ERY+TMP
CPR+DOX+TMP
ERY+DOX+TMP
AMP+CPR+ERY+DOX
AMP+CPR+ERY+TMP
AMP+CPR+DOX+TMP
AMP+ERY+DOX+TMP
CPR+ERY+DOX+TMP
AMP+CPR+ERY+DOX+TMP
86.21081004
91.65839126
90.29649596
98.24088523
98.69485033
81.44417648
81.21719393
88.253653
94.15519932
100.9646758
101.4186409
101.4186409
83.71400199
92.11235636
100.9646758
80.08228117
80.76322883
90.97744361
77.13150802
93.70123422
100.9646758
97.55993758
103.4614839
105.7313094
96.65200738
71.45694425
78.26642077
85.75684494
95.97105972
100.9646758
78.03943822
86.39503736
101.5085295
96.99703933
105.1177217
98.80163542
73.98843931
77.37205696
83.46256873
90.90652756
99.02720993
103.3131256
105.5688707
95.19244325
99.02720993
105.3432962
74.43958833
77.59763147
85.94388834
80.75567461
90.22980403
98.3504864
90.45537854
103.0875511
104.8921472
99.02720993
80.30452559
80.98124912
83.23699422
85.49273932
100.380657
83.68814324
74.51039019
92.45029152
94.12468231
98.66945732
109.1941994
72.11840335
72.59680072
85.99192704
79.77276125
95.79907311
100.8222455
109.6725968
94.363881
105.6062192
109.4333981
72.35760203
90.77590073
95.55987442
72.11840335
86.94872178
99.62625206
94.363881
101.7790402
112.7821797
108.7158021
94.363881
89.10150994
96.51666916
85.75272836
106.0846165
80.72955599
AMP1CPR1ERY1DOX2TMP1
AMP
CPR
ERY
DOX
TMP
AMP+CPR
AMP+ERY
AMP+DOX
AMP+TMP
CPR+ERY
CPR+DOX
CPR+TMP
ERY+DOX
ERY+TMP
DOX+TMP
AMP+CPR+ERY
AMP+CPR+DOX
AMP+CPR+TMP
AMP+ERY+DOX
AMP+ERY+TMP
AMP+DOX+TMP
CPR+ERY+DOX
CPR+ERY+TMP
CPR+DOX+TMP
ERY+DOX+TMP
AMP+CPR+ERY+DOX
AMP+CPR+ERY+TMP
AMP+CPR+DOX+TMP
AMP+ERY+DOX+TMP
CPR+ERY+DOX+TMP
AMP+CPR+ERY+DOX+TMP
86.21081004
91.65839126
90.29649596
99.82976309
91.88537381
81.44417648
81.21719393
90.52347851
87.7996879
100.9646758
98.46786778
88.93460065
93.47425167
90.29649596
97.33295503
80.08228117
80.53624628
89.84253086
83.48701944
93.70123422
98.92183288
101.6456235
90.97744361
98.46786778
95.97105972
72.36487445
85.75684494
86.66477515
95.06312952
98.01390268
83.71400199
86.39503736
101.5085295
96.99703933
103.9898491
100.1550825
73.98843931
77.37205696
93.83899619
96.99703933
99.02720993
103.9898491
103.5387001
96.99703933
100.1550825
98.12491188
74.43958833
82.56027069
88.87635697
82.7858452
96.09474129
99.47835895
92.71112364
99.47835895
94.96686874
96.99703933
78.95107853
89.77865501
93.83899619
78.72550402
96.54589031
93.38784717
74.51039019
92.45029152
94.12468231
105.1278218
106.8022126
72.11840335
72.59680072
91.49349679
96.03827179
95.79907311
100.3438481
106.5630139
96.27747047
102.0182389
99.86545074
72.35760203
92.45029152
96.51666916
79.77276125
94.363881
103.2142323
101.5398415
96.51666916
107.28061
100.3438481
92.21109284
97.95186126
101.0614442
95.55987442
105.3670205
87.90551652
AMP1CPR1ERY1DOX2TMP2
AMP
CPR
ERY
DOX
TMP
AMP+CPR
AMP+ERY
AMP+DOX
AMP+TMP
CPR+ERY
CPR+DOX
CPR+TMP
ERY+DOX
ERY+TMP
DOX+TMP
AMP+CPR+ERY
AMP+CPR+DOX
AMP+CPR+TMP
AMP+ERY+DOX
AMP+ERY+TMP
AMP+DOX+TMP
CPR+ERY+DOX
CPR+ERY+TMP
CPR+DOX+TMP
ERY+DOX+TMP
AMP+CPR+ERY+DOX
AMP+CPR+ERY+TMP
AMP+CPR+DOX+TMP
AMP+ERY+DOX+TMP
CPR+ERY+DOX+TMP
AMP+CPR+ERY+DOX+TMP
86.21081004
91.65839126
90.29649596
99.82976309
95.97105972
81.44417648
81.21719393
90.52347851
102.7805362
100.9646758
98.46786778
96.87898993
93.47425167
88.48063555
100.9646758
80.08228117
80.53624628
89.1615832
83.48701944
94.15519932
100.9646758
101.6456235
94.83614697
103.915449
97.55993758
72.36487445
85.52986239
96.87898993
74.63469996
98.01390268
85.07589729
86.39503736
101.5085295
96.99703933
103.9898491
102.1852531
73.98843931
77.37205696
93.83899619
98.3504864
99.02720993
103.9898491
108.5013393
96.99703933
100.6062315
98.80163542
74.43958833
82.56027069
90.00422952
82.7858452
94.96686874
102.1852531
92.71112364
101.9596786
100.1550825
91.8088256
78.95107853
90.22980403
97.44818835
93.16227266
96.3203158
87.74848442
74.51039019
92.45029152
94.12468231
105.1278218
110.1509942
72.11840335
72.59680072
91.49349679
101.7790402
95.79907311
100.3438481
110.6293915
96.27747047
103.453431
99.14785469
72.35760203
92.45029152
95.32067574
79.77276125
93.88548363
104.8886231
101.5398415
98.43025863
108.2374047
93.88548363
92.21109284
96.27747047
102.2574376
96.03827179
104.1710271
82.88234415
AMP1CPR1ERY1DOX2TMP3
AMP
CPR
ERY
DOX
TMP
AMP+CPR
AMP+ERY
AMP+DOX
AMP+TMP
CPR+ERY
CPR+DOX
CPR+TMP
ERY+DOX
ERY+TMP
DOX+TMP
AMP+CPR+ERY
AMP+CPR+DOX
AMP+CPR+TMP
AMP+ERY+DOX
AMP+ERY+TMP
AMP+DOX+TMP
CPR+ERY+DOX
CPR+ERY+TMP
CPR+DOX+TMP
ERY+DOX+TMP
AMP+CPR+ERY+DOX
AMP+CPR+ERY+TMP
AMP+CPR+DOX+TMP
AMP+ERY+DOX+TMP
CPR+ERY+DOX+TMP
AMP+CPR+ERY+DOX+TMP
86.21081004
91.65839126
90.29649596
99.82976309
98.69485033
81.44417648
81.21719393
90.52347851
94.15519932
100.9646758
98.46786778
101.4186409
93.47425167
92.11235636
100.7376933
80.08228117
80.53624628
90.97744361
83.48701944
93.70123422
97.55993758
101.6456235
103.4614839
102.5535537
97.55993758
72.36487445
78.26642077
87.7996879
89.1615832
103.0075188
89.38856575
86.39503736
101.5085295
96.99703933
103.9898491
98.80163542
73.98843931
77.37205696
93.83899619
90.90652756
99.02720993
103.9898491
105.5688707
96.99703933
99.02720993
98.80163542
74.43958833
82.56027069
85.94388834
82.7858452
90.22980403
93.16227266
92.71112364
103.0875511
95.41801776
90.45537854
78.95107853
80.98124912
84.81601579
90.45537854
91.8088256
82.7858452
74.51039019
92.45029152
94.12468231
105.1278218
109.1941994
72.11840335
72.59680072
91.49349679
79.77276125
95.79907311
100.3438481
109.6725968
96.27747047
105.6062192
98.19105995
72.35760203
92.45029152
95.55987442
79.77276125
86.94872178
98.19105995
101.5398415
101.7790402
103.6926297
91.73269547
92.21109284
89.10150994
78.33756914
90.77590073
105.8454179
83.5999402
AMP1CPR1ERY1DOX3TMP1
AMP
CPR
ERY
DOX
TMP
AMP+CPR
AMP+ERY
AMP+DOX
AMP+TMP
CPR+ERY
CPR+DOX
CPR+TMP
ERY+DOX
ERY+TMP
DOX+TMP
AMP+CPR+ERY
AMP+CPR+DOX
AMP+CPR+TMP
AMP+ERY+DOX
AMP+ERY+TMP
AMP+DOX+TMP
CPR+ERY+DOX
CPR+ERY+TMP
CPR+DOX+TMP
ERY+DOX+TMP
AMP+CPR+ERY+DOX
AMP+CPR+ERY+TMP
AMP+CPR+DOX+TMP
AMP+ERY+DOX+TMP
CPR+ERY+DOX+TMP
AMP+CPR+ERY+DOX+TMP
86.21081004
91.65839126
90.29649596
104.1424316
91.88537381
81.44417648
81.21719393
90.52347851
87.7996879
100.9646758
102.0995886
88.93460065
90.75046106
90.29649596
104.1424316
80.08228117
87.11874025
89.84253086
87.11874025
93.70123422
102.3265711
97.33295503
90.97744361
101.1916584
99.60278054
74.18073486
85.75684494
100.0567456
87.7996879
97.33295503
95.74407717
86.39503736
101.5085295
96.99703933
105.5688707
100.1550825
73.98843931
77.37205696
96.09474129
96.99703933
99.02720993
108.2757648
103.5387001
97.22261384
100.1550825
92.25997462
74.43958833
83.68814324
88.87635697
85.49273932
96.09474129
92.03440011
95.19244325
99.47835895
91.58325109
82.56027069
79.62780206
89.77865501
96.54589031
95.86916678
82.7858452
89.77865501
74.51039019
92.45029152
94.12468231
103.6926297
106.8022126
72.11840335
72.59680072
95.79907311
96.03827179
95.79907311
102.0182389
106.5630139
100.8222455
102.0182389
93.16788758
72.35760203
93.16788758
96.51666916
80.4903573
94.363881
99.86545074
99.86545074
96.51666916
102.0182389
85.51352968
86.94872178
97.95186126
92.68949021
89.34070863
97.23426521
93.88548363
AMP1CPR1ERY1DOX3TMP2
AMP
CPR
ERY
DOX
TMP
AMP+CPR
AMP+ERY
AMP+DOX
AMP+TMP
CPR+ERY
CPR+DOX
CPR+TMP
ERY+DOX
ERY+TMP
DOX+TMP
AMP+CPR+ERY
AMP+CPR+DOX
AMP+CPR+TMP
AMP+ERY+DOX
AMP+ERY+TMP
AMP+DOX+TMP
CPR+ERY+DOX
CPR+ERY+TMP
CPR+DOX+TMP
ERY+DOX+TMP
AMP+CPR+ERY+DOX
AMP+CPR+ERY+TMP
AMP+CPR+DOX+TMP
AMP+ERY+DOX+TMP
CPR+ERY+DOX+TMP
AMP+CPR+ERY+DOX+TMP
86.21081004
91.65839126
90.29649596
104.1424316
95.97105972
81.44417648
81.21719393
90.52347851
102.7805362
100.9646758
102.0995886
96.87898993
90.75046106
88.48063555
99.37579799
80.08228117
87.11874025
89.1615832
87.11874025
94.15519932
103.0075188
97.33295503
94.83614697
89.38856575
99.37579799
74.18073486
85.52986239
94.60916442
85.30287984
101.4186409
95.51709462
86.39503736
101.5085295
96.99703933
105.5688707
102.1852531
73.98843931
77.37205696
96.09474129
98.3504864
99.02720993
108.2757648
108.5013393
97.22261384
100.6062315
88.42520795
74.43958833
83.68814324
90.00422952
85.49273932
94.96686874
88.42520795
95.19244325
101.9596786
86.16946285
83.23699422
79.62780206
90.22980403
89.10193148
95.41801776
84.59044128
87.97405893
74.51039019
92.45029152
94.12468231
103.6926297
110.1509942
72.11840335
72.59680072
95.79907311
101.7790402
95.79907311
102.0182389
110.6293915
100.8222455
103.453431
96.99506653
72.35760203
93.16788758
95.32067574
80.4903573
93.88548363
96.03827179
99.86545074
98.43025863
93.64628495
88.1447152
86.94872178
96.27747047
91.2542981
92.45029152
98.19105995
94.60307968
AMP1CPR1ERY1DOX3TMP3
AMP
CPR
ERY
DOX
TMP
AMP+CPR
AMP+ERY
AMP+DOX
AMP+TMP
CPR+ERY
CPR+DOX
CPR+TMP
ERY+DOX
ERY+TMP
DOX+TMP
AMP+CPR+ERY
AMP+CPR+DOX
AMP+CPR+TMP
AMP+ERY+DOX
AMP+ERY+TMP
AMP+DOX+TMP
CPR+ERY+DOX
CPR+ERY+TMP
CPR+DOX+TMP
ERY+DOX+TMP
AMP+CPR+ERY+DOX
AMP+CPR+ERY+TMP
AMP+CPR+DOX+TMP
AMP+ERY+DOX+TMP
CPR+ERY+DOX+TMP
AMP+CPR+ERY+DOX+TMP
86.21081004
91.65839126
90.29649596
104.1424316
98.69485033
81.44417648
81.21719393
90.52347851
94.15519932
100.9646758
102.0995886
101.4186409
90.75046106
92.11235636
97.55993758
80.08228117
87.11874025
90.97744361
87.11874025
93.70123422
96.65200738
97.33295503
103.4614839
98.69485033
88.93460065
74.18073486
78.26642077
65.10143283
84.62193219
99.60278054
93.24726912
86.39503736
101.5085295
96.99703933
105.5688707
98.80163542
73.98843931
77.37205696
96.09474129
90.90652756
99.02720993
108.2757648
105.5688707
97.22261384
99.02720993
94.29014521
74.43958833
83.68814324
85.94388834
85.49273932
90.22980403
92.93669815
95.19244325
103.0875511
94.29014521
82.7858452
79.62780206
80.98124912
91.58325109
98.3504864
92.25997462
92.25997462
74.51039019
92.45029152
94.12468231
103.6926297
109.1941994
72.11840335
72.59680072
95.79907311
79.77276125
95.79907311
102.0182389
109.6725968
100.8222455
105.6062192
97.71266258
72.35760203
93.16788758
95.55987442
80.4903573
86.94872178
101.0614442
99.86545074
101.7790402
96.03827179
88.86231126
86.94872178
89.10150994
87.42711915
92.21109284
105.1278218
91.2542981
AMP1CPR1ERY2DOX1TMP1
AMP
CPR
ERY
DOX
TMP
AMP+CPR
AMP+ERY
AMP+DOX
AMP+TMP
CPR+ERY
CPR+DOX
CPR+TMP
ERY+DOX
ERY+TMP
DOX+TMP
AMP+CPR+ERY
AMP+CPR+DOX
AMP+CPR+TMP
AMP+ERY+DOX
AMP+ERY+TMP
AMP+DOX+TMP
CPR+ERY+DOX
CPR+ERY+TMP
CPR+DOX+TMP
ERY+DOX+TMP
AMP+CPR+ERY+DOX
AMP+CPR+ERY+TMP
AMP+CPR+DOX+TMP
AMP+ERY+DOX+TMP
CPR+ERY+DOX+TMP
AMP+CPR+ERY+DOX+TMP
86.21081004
91.65839126
95.55789791
98.24088523
91.88537381
81.44417648
86.8917577
88.253653
87.7996879
99.60278054
101.4186409
88.93460065
96.52160819
97.00346333
92.79330401
75.76961271
80.76322883
89.84253086
86.21081004
85.07589729
99.14881543
100.5107107
93.92821677
95.51709462
92.42583948
68.96013619
92.11235636
91.88537381
95.97105972
92.33933891
89.1615832
86.39503736
101.5085295
99.10541226
105.1177217
100.1550825
73.98843931
84.36486677
83.46256873
96.99703933
97.44818835
103.3131256
103.5387001
97.1969584
99.82108245
99.25278444
69.92809812
77.59763147
88.87635697
74.43958833
95.86916678
97.22261384
99.70393346
99.92950797
101.0573805
92.6643805
77.37205696
88.87635697
94.51571972
94.96686874
99.92950797
89.32750599
74.51039019
92.45029152
96.19192688
98.66945732
106.8022126
72.11840335
73.07519809
85.99192704
96.03827179
92.92868889
100.8222455
106.5630139
98.385377
107.4028941
107.28061
78.57676783
90.77590073
96.51666916
82.40394678
96.27747047
95.79907311
101.5398415
97.95186126
106.0846165
102.0411272
84.55673494
101.5398415
103.453431
91.2542981
101.7790402
111.3469876
AMP1CPR1ERY2DOX1TMP2
AMP
CPR
ERY
DOX
TMP
AMP+CPR
AMP+ERY
AMP+DOX
AMP+TMP
CPR+ERY
CPR+DOX
CPR+TMP
ERY+DOX
ERY+TMP
DOX+TMP
AMP+CPR+ERY
AMP+CPR+DOX
AMP+CPR+TMP
AMP+ERY+DOX
AMP+ERY+TMP
AMP+DOX+TMP
CPR+ERY+DOX
CPR+ERY+TMP
CPR+DOX+TMP
ERY+DOX+TMP
AMP+CPR+ERY+DOX
AMP+CPR+ERY+TMP
AMP+CPR+DOX+TMP
AMP+ERY+DOX+TMP
CPR+ERY+DOX+TMP
AMP+CPR+ERY+DOX+TMP
86.21081004
91.65839126
95.55789791
98.24088523
95.97105972
81.44417648
86.8917577
88.253653
102.7805362
99.60278054
101.4186409
96.87898993
96.52160819
96.03975305
95.51709462
75.76961271
80.76322883
89.1615832
86.21081004
99.14881543
101.872606
100.5107107
100.9646758
92.11235636
97.00346333
68.96013619
91.20442616
89.1615832
97.78692013
92.79330401
86.66477515
86.39503736
101.5085295
99.10541226
105.1177217
102.1852531
73.98843931
84.36486677
83.46256873
98.3504864
97.44818835
103.3131256
108.5013393
97.1969584
98.62829879
102.8619766
69.92809812
77.59763147
90.00422952
74.43958833
99.92950797
98.80163542
99.70393346
107.1478923
100.6062315
93.14149396
77.37205696
87.52290991
89.32750599
94.74129423
97.67376286
81.43239814
74.51039019
92.45029152
96.19192688
98.66945732
110.1509942
72.11840335
73.07519809
85.99192704
101.7790402
92.92868889
100.8222455
110.6293915
98.385377
103.5034273
106.3238152
78.57676783
90.77590073
95.32067574
82.40394678
98.43025863
100.1046494
101.5398415
103.9318284
110.1509942
104.478294
84.55673494
94.60307968
94.363881
94.363881
101.0614442
103.6926297
AMP1CPR1ERY2DOX1TMP3
AMP
CPR
ERY
DOX
TMP
AMP+CPR
AMP+ERY
AMP+DOX
AMP+TMP
CPR+ERY
CPR+DOX
CPR+TMP
ERY+DOX
ERY+TMP
DOX+TMP
AMP+CPR+ERY
AMP+CPR+DOX
AMP+CPR+TMP
AMP+ERY+DOX
AMP+ERY+TMP
AMP+DOX+TMP
CPR+ERY+DOX
CPR+ERY+TMP
CPR+DOX+TMP
ERY+DOX+TMP
AMP+CPR+ERY+DOX
AMP+CPR+ERY+TMP
AMP+CPR+DOX+TMP
AMP+ERY+DOX+TMP
CPR+ERY+DOX+TMP
AMP+CPR+ERY+DOX+TMP
86.21081004
91.65839126
95.55789791
98.24088523
98.69485033
81.44417648
86.8917577
88.253653
94.15519932
99.60278054
101.4186409
101.4186409
96.52160819
98.44902876
100.9646758
75.76961271
80.76322883
90.97744361
86.21081004
96.42502483
100.9646758
100.5107107
102.5535537
105.7313094
96.76253576
68.96013619
85.52986239
85.75684494
99.14881543
104.5963967
81.21719393
86.39503736
101.5085295
99.10541226
105.1177217
98.80163542
73.98843931
84.36486677
83.46256873
90.90652756
97.44818835
103.3131256
105.5688707
97.1969584
99.34396899
105.3432962
69.92809812
77.59763147
85.94388834
74.43958833
91.35767658
98.3504864
99.70393346
101.5085295
104.8921472
70.24004771
77.37205696
83.01141971
83.23699422
93.16227266
104.2154237
84.59044128
74.51039019
92.45029152
96.19192688
98.66945732
109.1941994
72.11840335
73.07519809
85.99192704
79.77276125
92.92868889
100.8222455
109.6725968
98.385377
97.1667936
109.4333981
78.57676783
90.77590073
95.55987442
82.40394678
88.1447152
99.62625206
101.5398415
102.9750336
112.7821797
101.3099772
84.55673494
93.64628495
96.51666916
91.49349679
109.6725968
91.49349679
AMP1CPR1ERY2DOX2TMP1
AMP
CPR
ERY
DOX
TMP
AMP+CPR
AMP+ERY
AMP+DOX
AMP+TMP
CPR+ERY
CPR+DOX
CPR+TMP
ERY+DOX
ERY+TMP
DOX+TMP
AMP+CPR+ERY
AMP+CPR+DOX
AMP+CPR+TMP
AMP+ERY+DOX
AMP+ERY+TMP
AMP+DOX+TMP
CPR+ERY+DOX
CPR+ERY+TMP
CPR+DOX+TMP
ERY+DOX+TMP
AMP+CPR+ERY+DOX
AMP+CPR+ERY+TMP
AMP+CPR+DOX+TMP
AMP+ERY+DOX+TMP
CPR+ERY+DOX+TMP
AMP+CPR+ERY+DOX+TMP
86.21081004
91.65839126
95.55789791
99.82976309
91.88537381
81.44417648
86.8917577
90.52347851
87.7996879
99.60278054
98.46786778
88.93460065
96.52160819
97.00346333
97.33295503
75.76961271
80.53624628
89.84253086
87.3457228
85.07589729
98.92183288
100.0567456
93.92821677
98.46786778
99.65366662
71.45694425
92.11235636
86.66477515
93.02028657
97.33295503
79.40133352
86.39503736
101.5085295
99.10541226
103.9898491
100.1550825
73.98843931
84.36486677
93.83899619
96.99703933
97.44818835
103.9898491
103.5387001
96.24273147
99.82108245
98.12491188
69.92809812
82.56027069
88.87635697
83.23699422
95.86916678
99.47835895
98.80163542
99.92950797
94.96686874
103.6379902
76.92090794
88.87635697
93.83899619
94.29014521
92.93669815
86.16946285
74.51039019
92.45029152
96.19192688
105.1278218
106.8022126
72.11840335
73.07519809
91.49349679
96.03827179
92.92868889
100.3438481
106.5630139
99.6039604
107.4028941
99.86545074
78.57676783
92.45029152
96.51666916
87.42711915
96.27747047
103.2142323
102.2574376
97.95186126
107.28061
106.4280274
91.2542981
101.5398415
101.0614442
94.84227837
105.3670205
84.31753625
AMP1CPR1ERY2DOX2TMP2
AMP
CPR
ERY
DOX
TMP
AMP+CPR
AMP+ERY
AMP+DOX
AMP+TMP
CPR+ERY
CPR+DOX
CPR+TMP
ERY+DOX
ERY+TMP
DOX+TMP
AMP+CPR+ERY
AMP+CPR+DOX
AMP+CPR+TMP
AMP+ERY+DOX
AMP+ERY+TMP
AMP+DOX+TMP
CPR+ERY+DOX
CPR+ERY+TMP
CPR+DOX+TMP
ERY+DOX+TMP
AMP+CPR+ERY+DOX
AMP+CPR+ERY+TMP
AMP+CPR+DOX+TMP
AMP+ERY+DOX+TMP
CPR+ERY+DOX+TMP
AMP+CPR+ERY+DOX+TMP
86.21081004
91.65839126
95.55789791
99.82976309
95.97105972
81.44417648
86.8917577
90.52347851
102.7805362
99.60278054
98.46786778
96.87898993
96.52160819
96.03975305
100.9646758
75.76961271
80.53624628
89.1615832
87.3457228
99.14881543
100.9646758
100.0567456
100.9646758
103.915449
100.1355218
71.45694425
91.20442616
96.87898993
98.46786778
104.1424316
87.7996879
86.39503736
101.5085295
99.10541226
103.9898491
102.1852531
73.98843931
84.36486677
93.83899619
98.3504864
97.44818835
103.9898491
108.5013393
96.24273147
98.62829879
98.80163542
69.92809812
82.56027069
90.00422952
83.23699422
99.92950797
102.1852531
98.80163542
107.1478923
100.1550825
97.1969584
76.92090794
87.52290991
97.44818835
99.25278444
95.19244325
86.84618638
74.51039019
92.45029152
96.19192688
105.1278218
110.1509942
72.11840335
73.07519809
91.49349679
101.7790402
92.92868889
100.3438481
110.6293915
99.6039604
103.5034273
99.14785469
78.57676783
92.45029152
95.32067574
87.42711915
98.43025863
104.8886231
102.2574376
103.9318284
108.2374047
103.2597106
91.2542981
94.60307968
102.2574376
101.0614442
108.7158021
81.92554941
AMP1CPR1ERY2DOX2TMP3
AMP
CPR
ERY
DOX
TMP
AMP+CPR
AMP+ERY
AMP+DOX
AMP+TMP
CPR+ERY
CPR+DOX
CPR+TMP
ERY+DOX
ERY+TMP
DOX+TMP
AMP+CPR+ERY
AMP+CPR+DOX
AMP+CPR+TMP
AMP+ERY+DOX
AMP+ERY+TMP
AMP+DOX+TMP
CPR+ERY+DOX
CPR+ERY+TMP
CPR+DOX+TMP
ERY+DOX+TMP
AMP+CPR+ERY+DOX
AMP+CPR+ERY+TMP
AMP+CPR+DOX+TMP
AMP+ERY+DOX+TMP
CPR+ERY+DOX+TMP
AMP+CPR+ERY+DOX+TMP
86.21081004
91.65839126
95.55789791
99.82976309
98.69485033
81.44417648
86.8917577
90.52347851
94.15519932
99.60278054
98.46786778
101.4186409
96.52160819
98.44902876
100.7376933
75.76961271
80.53624628
90.97744361
87.3457228
96.42502483
97.55993758
100.0567456
102.5535537
102.5535537
101.099232
71.45694425
85.52986239
87.7996879
76.90452546
90.06951341
84.62193219
86.39503736
101.5085295
99.10541226
103.9898491
98.80163542
73.98843931
84.36486677
93.83899619
90.90652756
97.44818835
103.9898491
105.5688707
96.24273147
99.34396899
98.80163542
69.92809812
82.56027069
85.94388834
83.23699422
91.35767658
93.16227266
98.80163542
101.5085295
95.41801776
92.42582377
76.92090794
83.01141971
84.81601579
94.29014521
88.42520795
78.274355
74.51039019
92.45029152
96.19192688
105.1278218
109.1941994
72.11840335
73.07519809
91.49349679
79.77276125
92.92868889
100.3438481
109.6725968
99.6039604
97.1667936
98.19105995
78.57676783
92.45029152
95.55987442
87.42711915
88.1447152
98.19105995
102.2574376
102.9750336
103.6926297
99.6039604
91.2542981
93.64628495
78.33756914
93.40708626
104.4102257
78.81596651
AMP1CPR1ERY2DOX3TMP1
AMP
CPR
ERY
DOX
TMP
AMP+CPR
AMP+ERY
AMP+DOX
AMP+TMP
CPR+ERY
CPR+DOX
CPR+TMP
ERY+DOX
ERY+TMP
DOX+TMP
AMP+CPR+ERY
AMP+CPR+DOX
AMP+CPR+TMP
AMP+ERY+DOX
AMP+ERY+TMP
AMP+DOX+TMP
CPR+ERY+DOX
CPR+ERY+TMP
CPR+DOX+TMP
ERY+DOX+TMP
AMP+CPR+ERY+DOX
AMP+CPR+ERY+TMP
AMP+CPR+DOX+TMP
AMP+ERY+DOX+TMP
CPR+ERY+DOX+TMP
AMP+CPR+ERY+DOX+TMP
86.21081004
91.65839126
95.55789791
104.1424316
91.88537381
81.44417648
86.8917577
90.52347851
87.7996879
99.60278054
102.0995886
88.93460065
94.83511519
97.00346333
104.1424316
75.76961271
87.11874025
89.84253086
86.66477515
85.07589729
102.3265711
101.872606
93.92821677
101.1916584
103.7494353
79.17435097
92.11235636
100.0567456
94.38218187
103.2345013
100.0567456
86.39503736
101.5085295
99.10541226
105.5688707
100.1550825
73.98843931
84.36486677
96.09474129
96.99703933
97.44818835
108.2757648
103.5387001
98.62829879
99.82108245
92.25997462
69.92809812
83.68814324
88.87635697
86.62061187
95.86916678
92.03440011
105.5688707
99.92950797
91.58325109
93.85716416
79.85337657
88.87635697
96.54589031
103.3131256
86.16946285
95.64359227
74.51039019
92.45029152
96.19192688
103.6926297
106.8022126
72.11840335
73.07519809
95.79907311
96.03827179
92.92868889
102.0182389
106.5630139
101.7974105
107.4028941
93.16788758
78.57676783
93.16788758
96.51666916
87.66631784
96.27747047
99.86545074
104.1710271
97.95186126
102.0182389
99.6039604
86.47032441
101.5398415
92.68949021
98.66945732
104.8886231
98.19105995
AMP1CPR1ERY2DOX3TMP2
AMP
CPR
ERY
DOX
TMP
AMP+CPR
AMP+ERY
AMP+DOX
AMP+TMP
CPR+ERY
CPR+DOX
CPR+TMP
ERY+DOX
ERY+TMP
DOX+TMP
AMP+CPR+ERY
AMP+CPR+DOX
AMP+CPR+TMP
AMP+ERY+DOX
AMP+ERY+TMP
AMP+DOX+TMP
CPR+ERY+DOX
CPR+ERY+TMP
CPR+DOX+TMP
ERY+DOX+TMP
AMP+CPR+ERY+DOX
AMP+CPR+ERY+TMP
AMP+CPR+DOX+TMP
AMP+ERY+DOX+TMP
CPR+ERY+DOX+TMP
AMP+CPR+ERY+DOX+TMP
86.21081004
91.65839126
95.55789791
104.1424316
95.97105972
81.44417648
86.8917577
90.52347851
102.7805362
99.60278054
102.0995886
96.87898993
94.83511519
96.03975305
99.37579799
75.76961271
87.11874025
89.1615832
86.66477515
99.14881543
103.0075188
101.872606
100.9646758
89.38856575
104.2312905
79.17435097
91.20442616
94.60916442
94.38218187
100.9646758
92.79330401
86.39503736
101.5085295
99.10541226
105.5688707
102.1852531
73.98843931
84.36486677
96.09474129
98.3504864
97.44818835
108.2757648
108.5013393
98.62829879
98.62829879
88.42520795
69.92809812
83.68814324
90.00422952
86.62061187
99.92950797
88.42520795
105.5688707
107.1478923
86.16946285
97.1969584
79.85337657
87.52290991
89.10193148
98.3504864
84.59044128
86.62061187
74.51039019
92.45029152
96.19192688
103.6926297
110.1509942
72.11840335
73.07519809
95.79907311
101.7790402
92.92868889
102.0182389
110.6293915
101.7974105
103.5034273
96.99506653
78.57676783
93.16788758
95.32067574
87.66631784
98.43025863
96.03827179
104.1710271
103.9318284
93.64628495
88.8804265
86.47032441
94.60307968
91.2542981
89.81910599
100.5830468
92.92868889
AMP1CPR1ERY2DOX3TMP3
AMP
CPR
ERY
DOX
TMP
AMP+CPR
AMP+ERY
AMP+DOX
AMP+TMP
CPR+ERY
CPR+DOX
CPR+TMP
ERY+DOX
ERY+TMP
DOX+TMP
AMP+CPR+ERY
AMP+CPR+DOX
AMP+CPR+TMP
AMP+ERY+DOX
AMP+ERY+TMP
AMP+DOX+TMP
CPR+ERY+DOX
CPR+ERY+TMP
CPR+DOX+TMP
ERY+DOX+TMP
AMP+CPR+ERY+DOX
AMP+CPR+ERY+TMP
AMP+CPR+DOX+TMP
AMP+ERY+DOX+TMP
CPR+ERY+DOX+TMP
AMP+CPR+ERY+DOX+TMP
86.21081004
91.65839126
95.55789791
104.1424316
98.69485033
81.44417648
86.8917577
90.52347851
94.15519932
99.60278054
102.0995886
101.4186409
94.83511519
98.44902876
97.55993758
75.76961271
87.11874025
90.97744361
86.66477515
96.42502483
96.65200738
101.872606
102.5535537
98.69485033
103.9903629
79.17435097
85.52986239
65.10143283
93.24726912
100.9646758
94.60916442
86.39503736
101.5085295
99.10541226
105.5688707
98.80163542
73.98843931
84.36486677
96.09474129
90.90652756
97.44818835
108.2757648
105.5688707
98.62829879
99.34396899
94.29014521
69.92809812
83.68814324
85.94388834
86.62061187
91.35767658
92.93669815
105.5688707
101.5085295
94.29014521
93.85716416
79.85337657
83.01141971
91.58325109
94.74129423
91.13210207
90.00422952
74.51039019
92.45029152
96.19192688
103.6926297
109.1941994
72.11840335
73.07519809
95.79907311
79.77276125
92.92868889
102.0182389
109.6725968
101.7974105
97.1667936
97.71266258
78.57676783
93.16788758
95.55987442
87.66631784
88.1447152
101.0614442
104.1710271
102.9750336
96.03827179
92.04874334
86.47032441
93.64628495
87.42711915
91.73269547
100.5830468
85.27433099
AMP1CPR1ERY3DOX1TMP1
AMP
CPR
ERY
DOX
TMP
AMP+CPR
AMP+ERY
AMP+DOX
AMP+TMP
CPR+ERY
CPR+DOX
CPR+TMP
ERY+DOX
ERY+TMP
DOX+TMP
AMP+CPR+ERY
AMP+CPR+DOX
AMP+CPR+TMP
AMP+ERY+DOX
AMP+ERY+TMP
AMP+DOX+TMP
CPR+ERY+DOX
CPR+ERY+TMP
CPR+DOX+TMP
ERY+DOX+TMP
AMP+CPR+ERY+DOX
AMP+CPR+ERY+TMP
AMP+CPR+DOX+TMP
AMP+ERY+DOX+TMP
CPR+ERY+DOX+TMP
AMP+CPR+ERY+DOX+TMP
86.21081004
91.65839126
95.82539683
98.24088523
91.88537381
81.44417648
89.6155483
88.253653
87.7996879
98.69485033
101.4186409
88.93460065
89.98412698
92.26984127
92.79330401
81.21719393
80.76322883
89.84253086
91.43140871
90.52347851
99.14881543
92.33933891
97.78692013
95.51709462
94.04761905
77.58547312
88.253653
91.88537381
97.78692013
90.06951341
88.02667045
86.39503736
101.5085295
97.32768454
105.1177217
100.1550825
73.98843931
90.22980403
83.46256873
96.99703933
101.9596786
103.3131256
103.5387001
89.24555972
104.8883819
99.25278444
71.95826872
77.59763147
88.87635697
84.13929226
98.80163542
97.22261384
100.6062315
106.4711688
101.0573805
105.4098094
76.69533343
83.91371775
94.51571972
96.77146482
96.77146482
88.19963344
74.51039019
92.45029152
99.21451583
98.66945732
106.8022126
72.11840335
81.68635073
85.99192704
96.03827179
98.19105995
100.8222455
106.5630139
96.45616266
113.282117
107.28061
83.36074152
90.77590073
96.51666916
81.44715204
102.4966363
95.79907311
97.95186126
104.6494244
106.0846165
115.4887996
98.19105995
94.12468231
103.453431
91.97189415
98.66945732
100.5830468
AMP1CPR1ERY3DOX1TMP2
AMP
CPR
ERY
DOX
TMP
AMP+CPR
AMP+ERY
AMP+DOX
AMP+TMP
CPR+ERY
CPR+DOX
CPR+TMP
ERY+DOX
ERY+TMP
DOX+TMP
AMP+CPR+ERY
AMP+CPR+DOX
AMP+CPR+TMP
AMP+ERY+DOX
AMP+ERY+TMP
AMP+DOX+TMP
CPR+ERY+DOX
CPR+ERY+TMP
CPR+DOX+TMP
ERY+DOX+TMP
AMP+CPR+ERY+DOX
AMP+CPR+ERY+TMP
AMP+CPR+DOX+TMP
AMP+ERY+DOX+TMP
CPR+ERY+DOX+TMP
AMP+CPR+ERY+DOX+TMP
86.21081004
91.65839126
95.82539683
98.24088523
95.97105972
81.44417648
89.6155483
88.253653
102.7805362
98.69485033
101.4186409
96.87898993
89.98412698
89.73015873
95.51709462
81.21719393
80.76322883
89.1615832
91.43140871
98.69485033
101.872606
92.33933891
98.24088523
92.11235636
96.58730159
77.58547312
90.29649596
89.1615832
103.6884664
99.37579799
89.6155483
86.39503736
101.5085295
97.32768454
105.1177217
102.1852531
73.98843931
90.22980403
83.46256873
98.3504864
101.9596786
103.3131256
108.5013393
89.24555972
101.7598175
102.8619766
71.95826872
77.59763147
90.00422952
84.13929226
99.70393346
98.80163542
100.6062315
103.5387001
100.6062315
106.1919505
76.69533343
91.58325109
89.32750599
99.70393346
101.734104
90.00422952
74.51039019
92.45029152
99.21451583
98.66945732
110.1509942
72.11840335
81.68635073
85.99192704
101.7790402
98.19105995
100.8222455
110.6293915
96.45616266
110.2479285
106.3238152
83.36074152
90.77590073
95.32067574
81.44715204
100.1046494
100.1046494
97.95186126
108.9550007
110.1509942
115.2129643
98.19105995
101.5398415
94.363881
98.908656
109.9117955
96.75586784
AMP1CPR1ERY3DOX1TMP3
AMP
CPR
ERY
DOX
TMP
AMP+CPR
AMP+ERY
AMP+DOX
AMP+TMP
CPR+ERY
CPR+DOX
CPR+TMP
ERY+DOX
ERY+TMP
DOX+TMP
AMP+CPR+ERY
AMP+CPR+DOX
AMP+CPR+TMP
AMP+ERY+DOX
AMP+ERY+TMP
AMP+DOX+TMP
CPR+ERY+DOX
CPR+ERY+TMP
CPR+DOX+TMP
ERY+DOX+TMP
AMP+CPR+ERY+DOX
AMP+CPR+ERY+TMP
AMP+CPR+DOX+TMP
AMP+ERY+DOX+TMP
CPR+ERY+DOX+TMP
AMP+CPR+ERY+DOX+TMP
86.21081004
91.65839126
95.82539683
98.24088523
98.69485033
81.44417648
89.6155483
88.253653
94.15519932
98.69485033
101.4186409
101.4186409
89.98412698
95.06349206
100.9646758
81.21719393
80.76322883
90.97744361
91.43140871
97.55993758
100.9646758
92.33933891
109.1360477
105.7313094
106.7460317
77.58547312
86.8917577
85.75684494
98.01390268
103.915449
86.8917577
86.39503736
101.5085295
97.32768454
105.1177217
98.80163542
73.98843931
90.22980403
83.46256873
90.90652756
101.9596786
103.3131256
105.5688707
89.24555972
102.2812449
105.3432962
71.95826872
77.59763147
85.94388834
84.13929226
93.38784717
98.3504864
100.6062315
105.3432962
104.8921472
109.5812286
76.69533343
82.10912167
83.23699422
93.38784717
102.6364021
84.36486677
74.51039019
92.45029152
99.21451583
98.66945732
109.1941994
72.11840335
81.68635073
85.99192704
79.77276125
98.19105995
100.8222455
109.6725968
96.45616266
109.6962579
109.4333981
83.36074152
90.77590073
95.55987442
81.44715204
94.12468231
99.62625206
97.95186126
109.9117955
112.7821797
114.3854583
98.19105995
95.55987442
96.51666916
94.84227837
109.4333981
94.60307968
AMP1CPR1ERY3DOX2TMP1
AMP
CPR
ERY
DOX
TMP
AMP+CPR
AMP+ERY
AMP+DOX
AMP+TMP
CPR+ERY
CPR+DOX
CPR+TMP
ERY+DOX
ERY+TMP
DOX+TMP
AMP+CPR+ERY
AMP+CPR+DOX
AMP+CPR+TMP
AMP+ERY+DOX
AMP+ERY+TMP
AMP+DOX+TMP
CPR+ERY+DOX
CPR+ERY+TMP
CPR+DOX+TMP
ERY+DOX+TMP
AMP+CPR+ERY+DOX
AMP+CPR+ERY+TMP
AMP+CPR+DOX+TMP
AMP+ERY+DOX+TMP
CPR+ERY+DOX+TMP
AMP+CPR+ERY+DOX+TMP
86.21081004
91.65839126
95.82539683
99.82976309
91.88537381
81.44417648
89.6155483
90.52347851
87.7996879
98.69485033
98.46786778
88.93460065
86.17460317
92.26984127
97.33295503
81.21719393
80.53624628
89.84253086
97.10597248
90.52347851
98.92183288
100.9646758
97.78692013
98.46786778
106.2380952
79.85529862
88.253653
86.66477515
99.82976309
101.1916584
88.93460065
86.39503736
101.5085295
97.32768454
103.9898491
100.1550825
73.98843931
90.22980403
93.83899619
96.99703933
101.9596786
103.9898491
103.5387001
102.8026723
104.8883819
98.12491188
71.95826872
82.56027069
88.87635697
93.16227266
98.80163542
99.47835895
108.2757648
106.4711688
94.96686874
110.6240834
73.53729029
83.91371775
93.83899619
100.1550825
95.19244325
90.90652756
74.51039019
92.45029152
99.21451583
105.1278218
106.8022126
72.11840335
81.68635073
91.49349679
96.03827179
98.19105995
100.3438481
106.5630139
99.21451583
113.282117
99.86545074
83.36074152
92.45029152
96.51666916
81.68635073
102.4966363
103.2142323
104.4102257
104.6494244
107.28061
112.1787758
84.79593362
94.12468231
101.0614442
102.735835
110.6293915
90.05830468
AMP1CPR1ERY3DOX2TMP2
AMP
CPR
ERY
DOX
TMP
AMP+CPR
AMP+ERY
AMP+DOX
AMP+TMP
CPR+ERY
CPR+DOX
CPR+TMP
ERY+DOX
ERY+TMP
DOX+TMP
AMP+CPR+ERY
AMP+CPR+DOX
AMP+CPR+TMP
AMP+ERY+DOX
AMP+ERY+TMP
AMP+DOX+TMP
CPR+ERY+DOX
CPR+ERY+TMP
CPR+DOX+TMP
ERY+DOX+TMP
AMP+CPR+ERY+DOX
AMP+CPR+ERY+TMP
AMP+CPR+DOX+TMP
AMP+ERY+DOX+TMP
CPR+ERY+DOX+TMP
AMP+CPR+ERY+DOX+TMP
86.21081004
91.65839126
95.82539683
99.82976309
95.97105972
81.44417648
89.6155483
90.52347851
102.7805362
98.69485033
98.46786778
96.87898993
86.17460317
89.73015873
100.9646758
81.21719393
80.53624628
89.1615832
97.10597248
98.69485033
100.9646758
100.9646758
98.24088523
103.915449
108.5238095
79.85529862
90.29649596
96.87898993
100.2837282
100.5107107
85.07589729
86.39503736
101.5085295
97.32768454
103.9898491
102.1852531
73.98843931
90.22980403
93.83899619
98.3504864
101.9596786
103.9898491
108.5013393
102.8026723
101.7598175
98.80163542
71.95826872
82.56027069
90.00422952
93.16227266
99.70393346
102.1852531
108.2757648
103.5387001
100.1550825
105.9312368
73.53729029
91.58325109
97.44818835
97.89933737
92.71112364
87.2973354
74.51039019
92.45029152
99.21451583
105.1278218
110.1509942
72.11840335
81.68635073
91.49349679
101.7790402
98.19105995
100.3438481
110.6293915
99.21451583
110.2479285
99.14785469
83.36074152
92.45029152
95.32067574
81.68635073
100.1046494
104.8886231
104.4102257
108.9550007
108.2374047
107.7654107
84.79593362
101.5398415
102.2574376
101.0614442
107.998206
83.12154283
AMP1CPR1ERY3DOX2TMP3
AMP
CPR
ERY
DOX
TMP
AMP+CPR
AMP+ERY
AMP+DOX
AMP+TMP
CPR+ERY
CPR+DOX
CPR+TMP
ERY+DOX
ERY+TMP
DOX+TMP
AMP+CPR+ERY
AMP+CPR+DOX
AMP+CPR+TMP
AMP+ERY+DOX
AMP+ERY+TMP
AMP+DOX+TMP
CPR+ERY+DOX
CPR+ERY+TMP
CPR+DOX+TMP
ERY+DOX+TMP
AMP+CPR+ERY+DOX
AMP+CPR+ERY+TMP
AMP+CPR+DOX+TMP
AMP+ERY+DOX+TMP
CPR+ERY+DOX+TMP
AMP+CPR+ERY+DOX+TMP
86.21081004
91.65839126
95.82539683
99.82976309
98.69485033
81.44417648
89.6155483
90.52347851
94.15519932
98.69485033
98.46786778
101.4186409
86.17460317
95.06349206
100.7376933
81.21719393
80.53624628
90.97744361
97.10597248
97.55993758
97.55993758
100.9646758
109.1360477
102.5535537
105.984127
79.85529862
86.8917577
87.7996879
97.78692013
105.5043269
88.48063555
86.39503736
101.5085295
97.32768454
103.9898491
98.80163542
73.98843931
90.22980403
93.83899619
90.90652756
101.9596786
103.9898491
105.5688707
102.8026723
102.2812449
98.80163542
71.95826872
82.56027069
85.94388834
93.16227266
93.38784717
93.16227266
108.2757648
105.3432962
95.41801776
92.89555157
73.53729029
82.10912167
84.81601579
95.19244325
90.90652756
83.91371775
74.51039019
92.45029152
99.21451583
105.1278218
109.1941994
72.11840335
81.68635073
91.49349679
79.77276125
98.19105995
100.3438481
109.6725968
99.21451583
109.6962579
98.19105995
83.36074152
92.45029152
95.55987442
81.68635073
94.12468231
98.19105995
104.4102257
109.9117955
103.6926297
101.4211984
84.79593362
95.55987442
78.33756914
99.62625206
107.998206
82.16474809
AMP1CPR1ERY3DOX3TMP1
AMP
CPR
ERY
DOX
TMP
AMP+CPR
AMP+ERY
AMP+DOX
AMP+TMP
CPR+ERY
CPR+DOX
CPR+TMP
ERY+DOX
ERY+TMP
DOX+TMP
AMP+CPR+ERY
AMP+CPR+DOX
AMP+CPR+TMP
AMP+ERY+DOX
AMP+ERY+TMP
AMP+DOX+TMP
CPR+ERY+DOX
CPR+ERY+TMP
CPR+DOX+TMP
ERY+DOX+TMP
AMP+CPR+ERY+DOX
AMP+CPR+ERY+TMP
AMP+CPR+DOX+TMP
AMP+ERY+DOX+TMP
CPR+ERY+DOX+TMP
AMP+CPR+ERY+DOX+TMP
86.21081004
91.65839126
95.82539683
104.1424316
91.88537381
81.44417648
89.6155483
90.52347851
87.7996879
98.69485033
102.0995886
88.93460065
90.49206349
92.26984127
104.1424316
81.21719393
87.11874025
89.84253086
94.83614697
90.52347851
102.3265711
100.9646758
97.78692013
101.1916584
108.2698413
80.08228117
88.253653
100.0567456
92.79330401
97.33295503
96.65200738
86.39503736
101.5085295
97.32768454
105.5688707
100.1550825
73.98843931
90.22980403
96.09474129
96.99703933
101.9596786
108.2757648
103.5387001
102.0205312
104.8883819
92.25997462
71.95826872
83.68814324
88.87635697
90.45537854
98.80163542
92.03440011
106.9223178
106.4711688
91.58325109
89.50627342
81.65797265
83.91371775
96.54589031
97.22261384
81.88354716
89.5530805
74.51039019
92.45029152
99.21451583
103.6926297
106.8022126
72.11840335
81.68635073
95.79907311
96.03827179
98.19105995
102.0182389
106.5630139
103.6278809
113.282117
93.16788758
83.36074152
93.16788758
96.51666916
95.55987442
102.4966363
99.86545074
100.8222455
104.6494244
102.0182389
106.9379047
88.1447152
94.12468231
92.68949021
96.75586784
99.38705337
90.29750336
AMP1CPR1ERY3DOX3TMP2
AMP
CPR
ERY
DOX
TMP
AMP+CPR
AMP+ERY
AMP+DOX
AMP+TMP
CPR+ERY
CPR+DOX
CPR+TMP
ERY+DOX
ERY+TMP
DOX+TMP
AMP+CPR+ERY
AMP+CPR+DOX
AMP+CPR+TMP
AMP+ERY+DOX
AMP+ERY+TMP
AMP+DOX+TMP
CPR+ERY+DOX
CPR+ERY+TMP
CPR+DOX+TMP
ERY+DOX+TMP
AMP+CPR+ERY+DOX
AMP+CPR+ERY+TMP
AMP+CPR+DOX+TMP
AMP+ERY+DOX+TMP
CPR+ERY+DOX+TMP
AMP+CPR+ERY+DOX+TMP
86.21081004
91.65839126
95.82539683
104.1424316
95.97105972
81.44417648
89.6155483
90.52347851
102.7805362
98.69485033
102.0995886
96.87898993
90.49206349
89.73015873
99.37579799
81.21719393
87.11874025
89.1615832
94.83614697
98.69485033
103.0075188
100.9646758
98.24088523
89.38856575
103.4444444
80.08228117
90.29649596
94.60916442
99.14881543
103.2345013
97.10597248
86.39503736
101.5085295
97.32768454
105.5688707
102.1852531
73.98843931
90.22980403
96.09474129
98.3504864
101.9596786
108.2757648
108.5013393
102.0205312
101.7598175
88.42520795
71.95826872
83.68814324
90.00422952
90.45537854
99.70393346
88.42520795
106.9223178
103.5387001
86.16946285
85.33485416
81.65797265
91.58325109
89.10193148
96.77146482
88.65078246
90.45537854
74.51039019
92.45029152
99.21451583
103.6926297
110.1509942
72.11840335
81.68635073
95.79907311
101.7790402
98.19105995
102.0182389
110.6293915
103.6278809
110.2479285
96.99506653
83.36074152
93.16788758
95.32067574
95.55987442
100.1046494
96.03827179
100.8222455
108.9550007
93.64628495
108.3170813
88.1447152
101.5398415
91.2542981
94.84227837
102.2574376
93.16788758
AMP1CPR1ERY3DOX3TMP3
AMP
CPR
ERY
DOX
TMP
AMP+CPR
AMP+ERY
AMP+DOX
AMP+TMP
CPR+ERY
CPR+DOX
CPR+TMP
ERY+DOX
ERY+TMP
DOX+TMP
AMP+CPR+ERY
AMP+CPR+DOX
AMP+CPR+TMP
AMP+ERY+DOX
AMP+ERY+TMP
AMP+DOX+TMP
CPR+ERY+DOX
CPR+ERY+TMP
CPR+DOX+TMP
ERY+DOX+TMP
AMP+CPR+ERY+DOX
AMP+CPR+ERY+TMP
AMP+CPR+DOX+TMP
AMP+ERY+DOX+TMP
CPR+ERY+DOX+TMP
AMP+CPR+ERY+DOX+TMP
86.21081004
91.65839126
95.82539683
104.1424316
98.69485033
81.44417648
89.6155483
90.52347851
94.15519932
98.69485033
102.0995886
101.4186409
90.49206349
95.06349206
97.55993758
81.21719393
87.11874025
90.97744361
94.83614697
97.55993758
96.65200738
100.9646758
109.1360477
98.69485033
100.9047619
80.08228117
86.8917577
65.10143283
100.9646758
100.0567456
92.33933891
86.39503736
101.5085295
97.32768454
105.5688707
98.80163542
73.98843931
90.22980403
96.09474129
90.90652756
101.9596786
108.2757648
105.5688707
102.0205312
102.2812449
94.29014521
71.95826872
83.68814324
85.94388834
90.45537854
93.38784717
92.93669815
106.9223178
105.3432962
94.29014521
94.19912009
81.65797265
82.10912167
91.58325109
92.03440011
93.38784717
93.16227266
74.51039019
92.45029152
99.21451583
103.6926297
109.1941994
72.11840335
81.68635073
95.79907311
79.77276125
98.19105995
102.0182389
109.6725968
103.6278809
109.6962579
97.71266258
83.36074152
93.16788758
95.55987442
95.55987442
94.12468231
101.0614442
100.8222455
109.9117955
96.03827179
106.3862341
88.1447152
95.55987442
87.42711915
100.8222455
96.27747047
85.27433099
AMP1CPR2ERY1DOX1TMP1
AMP
CPR
ERY
DOX
TMP
AMP+CPR
AMP+ERY
AMP+DOX
AMP+TMP
CPR+ERY
CPR+DOX
CPR+TMP
ERY+DOX
ERY+TMP
DOX+TMP
AMP+CPR+ERY
AMP+CPR+DOX
AMP+CPR+TMP
AMP+ERY+DOX
AMP+ERY+TMP
AMP+DOX+TMP
CPR+ERY+DOX
CPR+ERY+TMP
CPR+DOX+TMP
ERY+DOX+TMP
AMP+CPR+ERY+DOX
AMP+CPR+ERY+TMP
AMP+CPR+DOX+TMP
AMP+ERY+DOX+TMP
CPR+ERY+DOX+TMP
AMP+CPR+ERY+DOX+TMP
86.21081004
101.5810872
90.29649596
98.24088523
91.88537381
61.92367712
81.21719393
88.253653
87.7996879
96.03975305
102.5447975
100.3764493
83.71400199
90.29649596
92.79330401
82.80607178
85.52986239
90.29649596
77.13150802
93.70123422
99.14881543
97.2443909
101.5810872
102.3038699
80.99021138
80.76322883
88.93460065
88.7076181
98.24088523
93.1486222
69.86806639
86.39503736
97.67407187
96.99703933
105.1177217
100.1550825
79.85337657
77.37205696
83.46256873
96.99703933
91.71015357
102.2066498
105.7850007
95.19244325
100.1550825
99.25278444
78.95107853
85.0415903
86.16946285
80.75567461
96.09474129
97.22261384
93.14149396
106.0235575
95.76561801
90.45537854
72.18384323
91.13210207
88.65078246
88.87635697
95.28850455
75.34188637
74.51039019
97.65422696
94.12468231
98.66945732
106.8022126
70.20481387
72.59680072
85.99192704
96.03827179
66.458492
105.6968774
110.0837776
94.363881
102.0182389
107.28061
76.42397967
85.51352968
97.23426521
72.11840335
94.363881
95.79907311
94.24219345
104.7220107
111.5460777
96.03827179
81.68635073
99.14785469
101.0614442
82.88234415
97.41051028
101.3006428
AMP1CPR2ERY1DOX1TMP2
AMP
CPR
ERY
DOX
TMP
AMP+CPR
AMP+ERY
AMP+DOX
AMP+TMP
CPR+ERY
CPR+DOX
CPR+TMP
ERY+DOX
ERY+TMP
DOX+TMP
AMP+CPR+ERY
AMP+CPR+DOX
AMP+CPR+TMP
AMP+ERY+DOX
AMP+ERY+TMP
AMP+DOX+TMP
CPR+ERY+DOX
CPR+ERY+TMP
CPR+DOX+TMP
ERY+DOX+TMP
AMP+CPR+ERY+DOX
AMP+CPR+ERY+TMP
AMP+CPR+DOX+TMP
AMP+ERY+DOX+TMP
CPR+ERY+DOX+TMP
AMP+CPR+ERY+DOX+TMP
86.21081004
101.5810872
90.29649596
98.24088523
95.97105972
61.92367712
81.21719393
88.253653
102.7805362
96.03975305
102.5447975
104.472218
83.71400199
88.48063555
95.51709462
82.80607178
85.52986239
88.93460065
77.13150802
94.15519932
101.872606
97.2443909
98.68995633
101.8220148
95.06312952
80.76322883
84.39494964
87.3457228
96.87898993
97.72624605
85.30287984
86.39503736
97.67407187
96.99703933
105.1177217
102.1852531
79.85337657
77.37205696
83.46256873
98.3504864
91.71015357
102.2066498
106.7392277
95.19244325
100.6062315
102.8619766
78.95107853
85.0415903
85.49273932
80.75567461
94.96686874
98.80163542
93.14149396
100.0596392
92.90293723
99.02720993
72.18384323
85.0415903
89.32750599
90.45537854
95.52706128
80.5301001
74.51039019
97.65422696
94.12468231
98.66945732
110.1509942
70.20481387
72.59680072
85.99192704
101.7790402
66.458492
105.6968774
105.9405941
94.363881
103.453431
106.3238152
76.42397967
85.51352968
95.55987442
72.11840335
93.88548363
100.1046494
94.24219345
103.0159939
111.302361
106.8022126
81.68635073
96.03827179
97.71266258
88.38391389
103.5034273
104.1710271
AMP1CPR2ERY1DOX1TMP3
AMP
CPR
ERY
DOX
TMP
AMP+CPR
AMP+ERY
AMP+DOX
AMP+TMP
CPR+ERY
CPR+DOX
CPR+TMP
ERY+DOX
ERY+TMP
DOX+TMP
AMP+CPR+ERY
AMP+CPR+DOX
AMP+CPR+TMP
AMP+ERY+DOX
AMP+ERY+TMP
AMP+DOX+TMP
CPR+ERY+DOX
CPR+ERY+TMP
CPR+DOX+TMP
ERY+DOX+TMP
AMP+CPR+ERY+DOX
AMP+CPR+ERY+TMP
AMP+CPR+DOX+TMP
AMP+ERY+DOX+TMP
CPR+ERY+DOX+TMP
AMP+CPR+ERY+DOX+TMP
86.21081004
101.5810872
90.29649596
98.24088523
98.69485033
61.92367712
81.21719393
88.253653
94.15519932
96.03975305
102.5447975
103.7494353
83.71400199
92.11235636
100.9646758
82.80607178
85.52986239
86.8917577
77.13150802
93.70123422
100.9646758
97.2443909
98.9308839
101.3401596
96.65200738
80.76322883
82.35210668
90.29649596
95.97105972
99.41273905
80.08228117
86.39503736
97.67407187
96.99703933
105.1177217
98.80163542
79.85337657
77.37205696
83.46256873
90.90652756
91.71015357
102.2066498
101.7295363
95.19244325
99.02720993
105.3432962
78.95107853
85.0415903
83.01141971
80.75567461
90.22980403
98.3504864
93.14149396
99.82108245
100.7753094
99.02720993
72.18384323
86.84618638
88.87635697
85.49273932
86.46190547
74.89073735
74.51039019
97.65422696
94.12468231
98.66945732
109.1941994
70.20481387
72.59680072
85.99192704
79.77276125
66.458492
105.6968774
106.6717441
94.363881
105.6062192
109.4333981
76.42397967
85.51352968
86.7095231
72.11840335
86.94872178
99.62625206
94.24219345
102.7722772
107.6466108
108.7158021
81.68635073
95.55987442
95.79907311
85.75272836
108.6214775
96.99506653
AMP1CPR2ERY1DOX2TMP1
AMP
CPR
ERY
DOX
TMP
AMP+CPR
AMP+ERY
AMP+DOX
AMP+TMP
CPR+ERY
CPR+DOX
CPR+TMP
ERY+DOX
ERY+TMP
DOX+TMP
AMP+CPR+ERY
AMP+CPR+DOX
AMP+CPR+TMP
AMP+ERY+DOX
AMP+ERY+TMP
AMP+DOX+TMP
CPR+ERY+DOX
CPR+ERY+TMP
CPR+DOX+TMP
ERY+DOX+TMP
AMP+CPR+ERY+DOX
AMP+CPR+ERY+TMP
AMP+CPR+DOX+TMP
AMP+ERY+DOX+TMP
CPR+ERY+DOX+TMP
AMP+CPR+ERY+DOX+TMP
86.21081004
101.5810872
90.29649596
99.82976309
91.88537381
61.92367712
81.21719393
90.52347851
87.7996879
96.03975305
100.6173769
100.3764493
93.47425167
90.29649596
97.33295503
82.80607178
90.52347851
90.29649596
83.48701944
93.70123422
98.92183288
97.48531848
101.5810872
102.785725
95.97105972
83.26003688
88.93460065
85.30287984
95.06312952
95.79882548
90.97744361
86.39503736
97.67407187
96.99703933
103.9898491
100.1550825
79.85337657
77.37205696
93.83899619
96.99703933
91.71015357
102.2066498
105.7850007
96.99703933
100.1550825
98.12491188
78.95107853
86.39503736
86.16946285
82.7858452
96.09474129
99.47835895
96.95840167
106.0235575
100.7753094
96.99703933
76.0186099
91.13210207
90.90652756
78.72550402
86.93901894
87.74848442
74.51039019
97.65422696
94.12468231
105.1278218
106.8022126
70.20481387
72.59680072
91.49349679
96.03827179
66.458492
94.24219345
110.0837776
96.27747047
102.0182389
99.86545074
76.42397967
87.90551652
97.23426521
79.77276125
94.363881
103.2142323
97.1667936
104.7220107
106.4280274
100.3438481
81.20795336
99.14785469
98.908656
95.55987442
108.8651942
105.8454179
AMP1CPR2ERY1DOX2TMP2
AMP
CPR
ERY
DOX
TMP
AMP+CPR
AMP+ERY
AMP+DOX
AMP+TMP
CPR+ERY
CPR+DOX
CPR+TMP
ERY+DOX
ERY+TMP
DOX+TMP
AMP+CPR+ERY
AMP+CPR+DOX
AMP+CPR+TMP
AMP+ERY+DOX
AMP+ERY+TMP
AMP+DOX+TMP
CPR+ERY+DOX
CPR+ERY+TMP
CPR+DOX+TMP
ERY+DOX+TMP
AMP+CPR+ERY+DOX
AMP+CPR+ERY+TMP
AMP+CPR+DOX+TMP
AMP+ERY+DOX+TMP
CPR+ERY+DOX+TMP
AMP+CPR+ERY+DOX+TMP
86.21081004
101.5810872
90.29649596
99.82976309
95.97105972
61.92367712
81.21719393
90.52347851
102.7805362
96.03975305
100.6173769
104.472218
93.47425167
88.48063555
100.9646758
82.80607178
90.52347851
88.93460065
83.48701944
94.15519932
100.9646758
97.48531848
98.68995633
98.20810119
97.55993758
83.26003688
84.39494964
91.43140871
74.63469996
96.03975305
86.8917577
86.39503736
97.67407187
96.99703933
103.9898491
102.1852531
79.85337657
77.37205696
93.83899619
98.3504864
91.71015357
102.2066498
106.7392277
96.99703933
100.6062315
98.80163542
78.95107853
86.39503736
85.49273932
82.7858452
94.96686874
102.1852531
96.95840167
100.0596392
100.7753094
91.8088256
76.0186099
85.0415903
92.25997462
93.16227266
86.46190547
90.45537854
74.51039019
97.65422696
94.12468231
105.1278218
110.1509942
70.20481387
72.59680072
91.49349679
101.7790402
66.458492
94.24219345
105.9405941
96.27747047
103.453431
99.14785469
76.42397967
87.90551652
95.55987442
79.77276125
93.88548363
104.8886231
97.1667936
103.0159939
111.5460777
93.88548363
81.20795336
96.03827179
94.84227837
96.03827179
108.3777609
100.1046494
AMP1CPR2ERY1DOX2TMP3
AMP
CPR
ERY
DOX
TMP
AMP+CPR
AMP+ERY
AMP+DOX
AMP+TMP
CPR+ERY
CPR+DOX
CPR+TMP
ERY+DOX
ERY+TMP
DOX+TMP
AMP+CPR+ERY
AMP+CPR+DOX
AMP+CPR+TMP
AMP+ERY+DOX
AMP+ERY+TMP
AMP+DOX+TMP
CPR+ERY+DOX
CPR+ERY+TMP
CPR+DOX+TMP
ERY+DOX+TMP
AMP+CPR+ERY+DOX
AMP+CPR+ERY+TMP
AMP+CPR+DOX+TMP
AMP+ERY+DOX+TMP
CPR+ERY+DOX+TMP
AMP+CPR+ERY+DOX+TMP
86.21081004
101.5810872
90.29649596
99.82976309
98.69485033
61.92367712
81.21719393
90.52347851
94.15519932
96.03975305
100.6173769
103.7494353
93.47425167
92.11235636
100.7376933
82.80607178
90.52347851
86.8917577
83.48701944
93.70123422
97.55993758
97.48531848
98.9308839
101.3401596
97.55993758
83.26003688
82.35210668
93.92821677
89.1615832
99.17181147
86.21081004
86.39503736
97.67407187
96.99703933
103.9898491
98.80163542
79.85337657
77.37205696
93.83899619
90.90652756
91.71015357
102.2066498
101.7295363
96.99703933
99.02720993
98.80163542
78.95107853
86.39503736
83.01141971
82.7858452
90.22980403
93.16227266
96.95840167
99.82108245
96.71984494
90.45537854
76.0186099
86.84618638
87.74848442
90.45537854
90.75592664
91.58325109
74.51039019
97.65422696
94.12468231
105.1278218
109.1941994
70.20481387
72.59680072
91.49349679
79.77276125
66.458492
94.24219345
106.6717441
96.27747047
105.6062192
98.19105995
76.42397967
87.90551652
86.7095231
79.77276125
86.94872178
98.19105995
97.1667936
102.7722772
104.9657273
91.73269547
81.20795336
95.55987442
92.45029152
90.77590073
87.41812643
90.29750336
AMP1CPR2ERY1DOX3TMP1
AMP
CPR
ERY
DOX
TMP
AMP+CPR
AMP+ERY
AMP+DOX
AMP+TMP
CPR+ERY
CPR+DOX
CPR+TMP
ERY+DOX
ERY+TMP
DOX+TMP
AMP+CPR+ERY
AMP+CPR+DOX
AMP+CPR+TMP
AMP+ERY+DOX
AMP+ERY+TMP
AMP+DOX+TMP
CPR+ERY+DOX
CPR+ERY+TMP
CPR+DOX+TMP
ERY+DOX+TMP
AMP+CPR+ERY+DOX
AMP+CPR+ERY+TMP
AMP+CPR+DOX+TMP
AMP+ERY+DOX+TMP
CPR+ERY+DOX+TMP
AMP+CPR+ERY+DOX+TMP
86.21081004
101.5810872
90.29649596
104.1424316
91.88537381
61.92367712
81.21719393
90.52347851
87.7996879
96.03975305
98.44902876
100.3764493
90.75046106
90.29649596
104.1424316
82.80607178
90.52347851
90.29649596
87.11874025
93.70123422
102.3265711
98.68995633
101.5810872
103.0266526
99.60278054
76.45056036
88.93460065
100.2837282
87.7996879
94.11233248
92.79330401
86.39503736
97.67407187
96.99703933
105.5688707
100.1550825
79.85337657
77.37205696
96.09474129
96.99703933
91.71015357
103.3994334
105.7850007
97.22261384
100.1550825
92.25997462
78.95107853
84.59044128
86.16946285
85.49273932
96.09474129
92.03440011
77.87386313
106.0235575
103.6379902
82.56027069
74.43958833
91.13210207
95.41801776
95.86916678
102.4452065
97.67376286
74.51039019
97.65422696
94.12468231
103.6926297
106.8022126
70.20481387
72.59680072
95.79907311
96.03827179
66.458492
105.9405941
110.0837776
100.8222455
102.0182389
93.16788758
76.42397967
91.73269547
97.23426521
80.4903573
94.363881
99.86545074
98.14166032
104.7220107
110.0837776
85.51352968
80.4903573
99.14785469
107.998206
89.34070863
103.7471439
88.86231126
AMP1CPR2ERY1DOX3TMP2
AMP
CPR
ERY
DOX
TMP
AMP+CPR
AMP+ERY
AMP+DOX
AMP+TMP
CPR+ERY
CPR+DOX
CPR+TMP
ERY+DOX
ERY+TMP
DOX+TMP
AMP+CPR+ERY
AMP+CPR+DOX
AMP+CPR+TMP
AMP+ERY+DOX
AMP+ERY+TMP
AMP+DOX+TMP
CPR+ERY+DOX
CPR+ERY+TMP
CPR+DOX+TMP
ERY+DOX+TMP
AMP+CPR+ERY+DOX
AMP+CPR+ERY+TMP
AMP+CPR+DOX+TMP
AMP+ERY+DOX+TMP
CPR+ERY+DOX+TMP
AMP+CPR+ERY+DOX+TMP
86.21081004
101.5810872
90.29649596
104.1424316
95.97105972
61.92367712
81.21719393
90.52347851
102.7805362
96.03975305
98.44902876
104.472218
90.75046106
88.48063555
99.37579799
82.80607178
90.52347851
88.93460065
87.11874025
94.15519932
103.0075188
98.68995633
98.68995633
81.10224364
99.37579799
76.45056036
84.39494964
99.60278054
85.30287984
97.48531848
101.6456235
86.39503736
97.67407187
96.99703933
105.5688707
102.1852531
79.85337657
77.37205696
96.09474129
98.3504864
91.71015357
103.3994334
106.7392277
97.22261384
100.6062315
88.42520795
78.95107853
84.59044128
85.49273932
85.49273932
94.96686874
88.42520795
77.87386313
100.0596392
96.00417474
83.23699422
74.43958833
85.0415903
96.09474129
95.41801776
100.7753094
99.47835895
74.51039019
97.65422696
94.12468231
103.6926297
110.1509942
70.20481387
72.59680072
95.79907311
101.7790402
66.458492
105.9405941
105.9405941
100.8222455
103.453431
96.99506653
76.42397967
91.73269547
95.55987442
80.4903573
93.88548363
96.03827179
98.14166032
103.0159939
102.2848439
88.1447152
80.4903573
96.03827179
100.3438481
92.45029152
97.41051028
92.21109284
AMP1CPR2ERY1DOX3TMP3
AMP
CPR
ERY
DOX
TMP
AMP+CPR
AMP+ERY
AMP+DOX
AMP+TMP
CPR+ERY
CPR+DOX
CPR+TMP
ERY+DOX
ERY+TMP
DOX+TMP
AMP+CPR+ERY
AMP+CPR+DOX
AMP+CPR+TMP
AMP+ERY+DOX
AMP+ERY+TMP
AMP+DOX+TMP
CPR+ERY+DOX
CPR+ERY+TMP
CPR+DOX+TMP
ERY+DOX+TMP
AMP+CPR+ERY+DOX
AMP+CPR+ERY+TMP
AMP+CPR+DOX+TMP
AMP+ERY+DOX+TMP
CPR+ERY+DOX+TMP
AMP+CPR+ERY+DOX+TMP
86.21081004
101.5810872
90.29649596
104.1424316
98.69485033
61.92367712
81.21719393
90.52347851
94.15519932
96.03975305
98.44902876
103.7494353
90.75046106
92.11235636
97.55993758
82.80607178
90.52347851
86.8917577
87.11874025
93.70123422
96.65200738
98.68995633
98.9308839
106.6405662
88.93460065
76.45056036
82.35210668
101.6456235
84.62193219
98.68995633
88.253653
86.39503736
97.67407187
96.99703933
105.5688707
98.80163542
79.85337657
77.37205696
96.09474129
90.90652756
91.71015357
103.3994334
101.7295363
97.22261384
99.02720993
94.29014521
78.95107853
84.59044128
83.01141971
85.49273932
90.22980403
92.93669815
77.87386313
99.82108245
101.7295363
82.7858452
74.43958833
86.84618638
94.96686874
98.3504864
101.2524228
93.16227266
74.51039019
97.65422696
94.12468231
103.6926297
109.1941994
70.20481387
72.59680072
95.79907311
79.77276125
66.458492
105.9405941
106.6717441
100.8222455
105.6062192
97.71266258
76.42397967
91.73269547
86.7095231
80.4903573
86.94872178
101.0614442
98.14166032
102.7722772
96.67936024
88.86231126
80.4903573
95.55987442
88.38391389
92.21109284
81.08149276
88.62311257
AMP1CPR2ERY2DOX1TMP1
AMP
CPR
ERY
DOX
TMP
AMP+CPR
AMP+ERY
AMP+DOX
AMP+TMP
CPR+ERY
CPR+DOX
CPR+TMP
ERY+DOX
ERY+TMP
DOX+TMP
AMP+CPR+ERY
AMP+CPR+DOX
AMP+CPR+TMP
AMP+ERY+DOX
AMP+ERY+TMP
AMP+DOX+TMP
CPR+ERY+DOX
CPR+ERY+TMP
CPR+DOX+TMP
ERY+DOX+TMP
AMP+CPR+ERY+DOX
AMP+CPR+ERY+TMP
AMP+CPR+DOX+TMP
AMP+ERY+DOX+TMP
CPR+ERY+DOX+TMP
AMP+CPR+ERY+DOX+TMP
86.21081004
101.5810872
95.55789791
98.24088523
91.88537381
61.92367712
86.8917577
88.253653
87.7996879
100.3764493
102.5447975
100.3764493
96.52160819
97.00346333
92.79330401
78.03943822
85.52986239
90.29649596
86.21081004
85.07589729
99.14881543
100.8583045
100.3764493
102.3038699
92.42583948
82.80607178
84.84891474
88.7076181
95.97105972
98.68995633
83.71400199
86.39503736
97.67407187
99.10541226
105.1177217
100.1550825
79.85337657
84.36486677
83.46256873
96.99703933
96.24273147
102.2066498
105.7850007
97.1969584
99.82108245
99.25278444
72.63499225
85.0415903
86.16946285
74.43958833
95.86916678
97.22261384
99.58252572
104.3536604
95.76561801
92.6643805
78.72550402
86.84618638
88.65078246
94.96686874
100.2981959
78.72550402
74.51039019
97.65422696
96.19192688
98.66945732
106.8022126
70.20481387
73.07519809
85.99192704
96.03827179
94.72962681
105.6968774
110.0837776
98.385377
107.4028941
107.28061
68.2912244
85.51352968
97.23426521
82.40394678
96.27747047
95.79907311
104.478294
70.84539223
111.5460777
102.0411272
79.0551652
95.32067574
101.0614442
91.2542981
108.6214775
105.6062192
AMP1CPR2ERY2DOX1TMP2
AMP
CPR
ERY
DOX
TMP
AMP+CPR
AMP+ERY
AMP+DOX
AMP+TMP
CPR+ERY
CPR+DOX
CPR+TMP
ERY+DOX
ERY+TMP
DOX+TMP
AMP+CPR+ERY
AMP+CPR+DOX
AMP+CPR+TMP
AMP+ERY+DOX
AMP+ERY+TMP
AMP+DOX+TMP
CPR+ERY+DOX
CPR+ERY+TMP
CPR+DOX+TMP
ERY+DOX+TMP
AMP+CPR+ERY+DOX
AMP+CPR+ERY+TMP
AMP+CPR+DOX+TMP
AMP+ERY+DOX+TMP
CPR+ERY+DOX+TMP
AMP+CPR+ERY+DOX+TMP
86.21081004
101.5810872
95.55789791
98.24088523
95.97105972
61.92367712
86.8917577
88.253653
102.7805362
100.3764493
102.5447975
104.472218
96.52160819
96.03975305
95.51709462
78.03943822
85.52986239
88.93460065
86.21081004
99.14881543
101.872606
100.8583045
102.5447975
101.8220148
97.00346333
82.80607178
86.8917577
87.3457228
97.78692013
98.20810119
82.35210668
86.39503736
97.67407187
99.10541226
105.1177217
102.1852531
79.85337657
84.36486677
83.46256873
98.3504864
96.24273147
102.2066498
106.7392277
97.1969584
98.62829879
102.8619766
72.63499225
85.0415903
85.49273932
74.43958833
99.92950797
98.80163542
99.58252572
106.2621142
92.90293723
93.14149396
78.72550402
84.36486677
89.32750599
94.74129423
93.61860743
74.66516284
74.51039019
97.65422696
96.19192688
98.66945732
110.1509942
70.20481387
73.07519809
85.99192704
101.7790402
94.72962681
105.6968774
105.9405941
98.385377
103.5034273
106.3238152
68.2912244
85.51352968
95.55987442
82.40394678
98.43025863
100.1046494
104.478294
110.0837776
111.302361
104.478294
79.0551652
99.14785469
97.71266258
94.363881
100.8225438
97.95186126
AMP1CPR2ERY2DOX1TMP3
AMP
CPR
ERY
DOX
TMP
AMP+CPR
AMP+ERY
AMP+DOX
AMP+TMP
CPR+ERY
CPR+DOX
CPR+TMP
ERY+DOX
ERY+TMP
DOX+TMP
AMP+CPR+ERY
AMP+CPR+DOX
AMP+CPR+TMP
AMP+ERY+DOX
AMP+ERY+TMP
AMP+DOX+TMP
CPR+ERY+DOX
CPR+ERY+TMP
CPR+DOX+TMP
ERY+DOX+TMP
AMP+CPR+ERY+DOX
AMP+CPR+ERY+TMP
AMP+CPR+DOX+TMP
AMP+ERY+DOX+TMP
CPR+ERY+DOX+TMP
AMP+CPR+ERY+DOX+TMP
86.21081004
101.5810872
95.55789791
98.24088523
98.69485033
61.92367712
86.8917577
88.253653
94.15519932
100.3764493
102.5447975
103.7494353
96.52160819
98.44902876
100.9646758
78.03943822
85.52986239
86.8917577
86.21081004
96.42502483
100.9646758
100.8583045
99.17181147
101.3401596
96.76253576
82.80607178
82.80607178
90.29649596
99.14881543
102.785725
86.8917577
86.39503736
97.67407187
99.10541226
105.1177217
98.80163542
79.85337657
84.36486677
83.46256873
90.90652756
96.24273147
102.2066498
101.7295363
97.1969584
99.34396899
105.3432962
72.63499225
85.0415903
83.01141971
74.43958833
91.35767658
98.3504864
99.58252572
103.6379902
100.7753094
70.24004771
78.72550402
75.34188637
88.87635697
93.16227266
95.52706128
80.30452559
74.51039019
97.65422696
96.19192688
98.66945732
109.1941994
70.20481387
73.07519809
85.99192704
79.77276125
94.72962681
105.6968774
106.6717441
98.385377
97.1667936
109.4333981
68.2912244
85.51352968
86.7095231
82.40394678
88.1447152
99.62625206
104.478294
105.9405941
107.6466108
101.3099772
79.0551652
92.68949021
95.79907311
91.49349679
112.7646611
97.95186126
AMP1CPR2ERY2DOX2TMP1
AMP
CPR
ERY
DOX
TMP
AMP+CPR
AMP+ERY
AMP+DOX
AMP+TMP
CPR+ERY
CPR+DOX
CPR+TMP
ERY+DOX
ERY+TMP
DOX+TMP
AMP+CPR+ERY
AMP+CPR+DOX
AMP+CPR+TMP
AMP+ERY+DOX
AMP+ERY+TMP
AMP+DOX+TMP
CPR+ERY+DOX
CPR+ERY+TMP
CPR+DOX+TMP
ERY+DOX+TMP
AMP+CPR+ERY+DOX
AMP+CPR+ERY+TMP
AMP+CPR+DOX+TMP
AMP+ERY+DOX+TMP
CPR+ERY+DOX+TMP
AMP+CPR+ERY+DOX+TMP
86.21081004
101.5810872
95.55789791
99.82976309
91.88537381
61.92367712
86.8917577
90.52347851
87.7996879
100.3764493
100.6173769
100.3764493
96.52160819
97.00346333
97.33295503
78.03943822
90.52347851
90.29649596
87.3457228
85.07589729
98.92183288
95.79882548
100.3764493
102.785725
99.65366662
83.03305433
84.84891474
85.30287984
93.02028657
95.79882548
89.1615832
86.39503736
97.67407187
99.10541226
103.9898491
100.1550825
79.85337657
84.36486677
93.83899619
96.99703933
96.24273147
102.2066498
105.7850007
96.24273147
99.82108245
98.12491188
72.63499225
86.39503736
86.16946285
83.23699422
95.86916678
99.47835895
98.86685552
104.3536604
100.7753094
103.6379902
78.04878049
86.84618638
90.90652756
94.29014521
91.9487103
84.81601579
74.51039019
97.65422696
96.19192688
105.1278218
106.8022126
70.20481387
73.07519809
91.49349679
96.03827179
94.72962681
94.24219345
110.0837776
99.6039604
107.4028941
99.86545074
68.2912244
87.90551652
97.23426521
87.42711915
96.27747047
103.2142323
101.5536938
70.84539223
106.4280274
106.4280274
80.72955599
95.32067574
98.908656
94.84227837
110.0837776
100.3438481
AMP1CPR2ERY2DOX2TMP2
AMP
CPR
ERY
DOX
TMP
AMP+CPR
AMP+ERY
AMP+DOX
AMP+TMP
CPR+ERY
CPR+DOX
CPR+TMP
ERY+DOX
ERY+TMP
DOX+TMP
AMP+CPR+ERY
AMP+CPR+DOX
AMP+CPR+TMP
AMP+ERY+DOX
AMP+ERY+TMP
AMP+DOX+TMP
CPR+ERY+DOX
CPR+ERY+TMP
CPR+DOX+TMP
ERY+DOX+TMP
AMP+CPR+ERY+DOX
AMP+CPR+ERY+TMP
AMP+CPR+DOX+TMP
AMP+ERY+DOX+TMP
CPR+ERY+DOX+TMP
AMP+CPR+ERY+DOX+TMP
86.21081004
101.5810872
95.55789791
99.82976309
95.97105972
61.92367712
86.8917577
90.52347851
102.7805362
100.3764493
100.6173769
104.472218
96.52160819
96.03975305
100.9646758
78.03943822
90.52347851
88.93460065
87.3457228
99.14881543
100.9646758
95.79882548
102.5447975
98.20810119
100.1355218
83.03305433
86.8917577
91.43140871
98.46786778
103.5085078
93.70123422
86.39503736
97.67407187
99.10541226
103.9898491
102.1852531
79.85337657
84.36486677
93.83899619
98.3504864
96.24273147
102.2066498
106.7392277
96.24273147
98.62829879
98.80163542
72.63499225
86.39503736
85.49273932
83.23699422
99.92950797
102.1852531
98.86685552
106.2621142
100.7753094
97.1969584
78.04878049
84.36486677
92.25997462
99.25278444
93.61860743
93.38784717
74.51039019
97.65422696
96.19192688
105.1278218
110.1509942
70.20481387
73.07519809
91.49349679
101.7790402
94.72962681
94.24219345
105.9405941
99.6039604
103.5034273
99.14785469
68.2912244
87.90551652
95.55987442
87.42711915
98.43025863
104.8886231
101.5536938
110.0837776
111.5460777
103.2597106
80.72955599
99.14785469
94.84227837
101.0614442
111.0586443
103.9318284
AMP1CPR2ERY2DOX2TMP3
AMP
CPR
ERY
DOX
TMP
AMP+CPR
AMP+ERY
AMP+DOX
AMP+TMP
CPR+ERY
CPR+DOX
CPR+TMP
ERY+DOX
ERY+TMP
DOX+TMP
AMP+CPR+ERY
AMP+CPR+DOX
AMP+CPR+TMP
AMP+ERY+DOX
AMP+ERY+TMP
AMP+DOX+TMP
CPR+ERY+DOX
CPR+ERY+TMP
CPR+DOX+TMP
ERY+DOX+TMP
AMP+CPR+ERY+DOX
AMP+CPR+ERY+TMP
AMP+CPR+DOX+TMP
AMP+ERY+DOX+TMP
CPR+ERY+DOX+TMP
AMP+CPR+ERY+DOX+TMP
86.21081004
101.5810872
95.55789791
99.82976309
98.69485033
61.92367712
86.8917577
90.52347851
94.15519932
100.3764493
100.6173769
103.7494353
96.52160819
98.44902876
100.7376933
78.03943822
90.52347851
86.8917577
87.3457228
96.42502483
97.55993758
95.79882548
99.17181147
101.3401596
101.099232
83.03305433
82.80607178
93.92821677
76.90452546
100.1355218
88.93460065
86.39503736
97.67407187
99.10541226
103.9898491
98.80163542
79.85337657
84.36486677
93.83899619
90.90652756
96.24273147
102.2066498
101.7295363
96.24273147
99.34396899
98.80163542
72.63499225
86.39503736
83.01141971
83.23699422
91.35767658
93.16227266
98.86685552
103.6379902
96.71984494
92.42582377
78.04878049
75.34188637
87.74848442
94.29014521
91.9487103
85.49273932
74.51039019
97.65422696
96.19192688
105.1278218
109.1941994
70.20481387
73.07519809
91.49349679
79.77276125
94.72962681
94.24219345
106.6717441
99.6039604
97.1667936
98.19105995
68.2912244
87.90551652
86.7095231
87.42711915
88.1447152
98.19105995
101.5536938
105.9405941
104.9657273
99.6039604
80.72955599
92.68949021
92.45029152
93.40708626
91.80502666
94.363881
AMP1CPR2ERY2DOX3TMP1
AMP
CPR
ERY
DOX
TMP
AMP+CPR
AMP+ERY
AMP+DOX
AMP+TMP
CPR+ERY
CPR+DOX
CPR+TMP
ERY+DOX
ERY+TMP
DOX+TMP
AMP+CPR+ERY
AMP+CPR+DOX
AMP+CPR+TMP
AMP+ERY+DOX
AMP+ERY+TMP
AMP+DOX+TMP
CPR+ERY+DOX
CPR+ERY+TMP
CPR+DOX+TMP
ERY+DOX+TMP
AMP+CPR+ERY+DOX
AMP+CPR+ERY+TMP
AMP+CPR+DOX+TMP
AMP+ERY+DOX+TMP
CPR+ERY+DOX+TMP
AMP+CPR+ERY+DOX+TMP
86.21081004
101.5810872
95.55789791
104.1424316
91.88537381
61.92367712
86.8917577
90.52347851
87.7996879
100.3764493
98.44902876
100.3764493
94.83511519
97.00346333
104.1424316
78.03943822
90.52347851
90.29649596
86.66477515
85.07589729
102.3265711
97.96717362
100.3764493
103.0266526
103.7494353
82.57908923
84.84891474
100.2837282
94.38218187
105.1950008
95.29011207
86.39503736
97.67407187
99.10541226
105.5688707
100.1550825
79.85337657
84.36486677
96.09474129
96.99703933
96.24273147
103.3994334
105.7850007
98.62829879
99.82108245
92.25997462
72.63499225
84.59044128
86.16946285
86.62061187
95.86916678
92.03440011
99.58252572
104.3536604
103.6379902
93.85716416
83.23699422
86.84618638
95.41801776
103.3131256
101.2524228
100.6062315
74.51039019
97.65422696
96.19192688
103.6926297
106.8022126
70.20481387
73.07519809
95.79907311
96.03827179
94.72962681
105.9405941
110.0837776
101.7974105
107.4028941
93.16788758
68.2912244
91.73269547
97.23426521
87.66631784
96.27747047
99.86545074
101.0662605
70.84539223
110.0837776
99.6039604
87.18792047
95.32067574
107.998206
98.66945732
108.8651942
101.0614442
AMP1CPR2ERY2DOX3TMP2
AMP
CPR
ERY
DOX
TMP
AMP+CPR
AMP+ERY
AMP+DOX
AMP+TMP
CPR+ERY
CPR+DOX
CPR+TMP
ERY+DOX
ERY+TMP
DOX+TMP
AMP+CPR+ERY
AMP+CPR+DOX
AMP+CPR+TMP
AMP+ERY+DOX
AMP+ERY+TMP
AMP+DOX+TMP
CPR+ERY+DOX
CPR+ERY+TMP
CPR+DOX+TMP
ERY+DOX+TMP
AMP+CPR+ERY+DOX
AMP+CPR+ERY+TMP
AMP+CPR+DOX+TMP
AMP+ERY+DOX+TMP
CPR+ERY+DOX+TMP
AMP+CPR+ERY+DOX+TMP
86.21081004
101.5810872
95.55789791
104.1424316
95.97105972
61.92367712
86.8917577
90.52347851
102.7805362
100.3764493
98.44902876
104.472218
94.83511519
96.03975305
99.37579799
78.03943822
90.52347851
88.93460065
86.66477515
99.14881543
103.0075188
97.96717362
102.5447975
81.10224364
104.2312905
82.57908923
86.8917577
99.60278054
94.38218187
99.41273905
101.4186409
86.39503736
97.67407187
99.10541226
105.5688707
102.1852531
79.85337657
84.36486677
96.09474129
98.3504864
96.24273147
103.3994334
106.7392277
98.62829879
98.62829879
88.42520795
72.63499225
84.59044128
85.49273932
86.62061187
99.92950797
88.42520795
99.58252572
106.2621142
96.00417474
97.1969584
83.23699422
84.36486677
96.09474129
98.3504864
102.92232
100.1550825
74.51039019
97.65422696
96.19192688
103.6926297
110.1509942
70.20481387
73.07519809
95.79907311
101.7790402
94.72962681
105.9405941
105.9405941
101.7974105
103.5034273
96.99506653
68.2912244
91.73269547
95.55987442
87.66631784
98.43025863
96.03827179
101.0662605
110.0837776
102.2848439
88.8804265
87.18792047
99.14785469
100.3438481
89.81910599
102.5285605
97.71266258
AMP1CPR2ERY2DOX3TMP3
AMP
CPR
ERY
DOX
TMP
AMP+CPR
AMP+ERY
AMP+DOX
AMP+TMP
CPR+ERY
CPR+DOX
CPR+TMP
ERY+DOX
ERY+TMP
DOX+TMP
AMP+CPR+ERY
AMP+CPR+DOX
AMP+CPR+TMP
AMP+ERY+DOX
AMP+ERY+TMP
AMP+DOX+TMP
CPR+ERY+DOX
CPR+ERY+TMP
CPR+DOX+TMP
ERY+DOX+TMP
AMP+CPR+ERY+DOX
AMP+CPR+ERY+TMP
AMP+CPR+DOX+TMP
AMP+ERY+DOX+TMP
CPR+ERY+DOX+TMP
AMP+CPR+ERY+DOX+TMP
86.21081004
101.5810872
95.55789791
104.1424316
98.69485033
61.92367712
86.8917577
90.52347851
94.15519932
100.3764493
98.44902876
103.7494353
94.83511519
98.44902876
97.55993758
78.03943822
90.52347851
86.8917577
86.66477515
96.42502483
96.65200738
97.96717362
99.17181147
106.6405662
103.9903629
82.57908923
82.80607178
101.6456235
93.24726912
100.1355218
98.69485033
86.39503736
97.67407187
99.10541226
105.5688707
98.80163542
79.85337657
84.36486677
96.09474129
90.90652756
96.24273147
103.3994334
101.7295363
98.62829879
99.34396899
94.29014521
72.63499225
84.59044128
83.01141971
86.62061187
91.35767658
92.93669815
99.58252572
103.6379902
101.7295363
93.85716416
83.23699422
75.34188637
94.96686874
94.74129423
98.62829879
90.22980403
74.51039019
97.65422696
96.19192688
103.6926297
109.1941994
70.20481387
73.07519809
95.79907311
79.77276125
94.72962681
105.9405941
106.6717441
101.7974105
97.1667936
97.71266258
68.2912244
91.73269547
86.7095231
87.66631784
88.1447152
101.0614442
101.0662605
105.9405941
96.67936024
92.04874334
87.18792047
92.68949021
88.38391389
91.73269547
101.0662605
88.38391389
AMP1CPR2ERY3DOX1TMP1
AMP
CPR
ERY
DOX
TMP
AMP+CPR
AMP+ERY
AMP+DOX
AMP+TMP
CPR+ERY
CPR+DOX
CPR+TMP
ERY+DOX
ERY+TMP
DOX+TMP
AMP+CPR+ERY
AMP+CPR+DOX
AMP+CPR+TMP
AMP+ERY+DOX
AMP+ERY+TMP
AMP+DOX+TMP
CPR+ERY+DOX
CPR+ERY+TMP
CPR+DOX+TMP
ERY+DOX+TMP
AMP+CPR+ERY+DOX
AMP+CPR+ERY+TMP
AMP+CPR+DOX+TMP
AMP+ERY+DOX+TMP
CPR+ERY+DOX+TMP
AMP+CPR+ERY+DOX+TMP
86.21081004
101.5810872
95.82539683
98.24088523
91.8853